--- outfile3.txt	2019-05-06 21:09:50.000000001 -0700
+++ model-outfile3.txt	2019-05-06 21:09:45.000000001 -0700
@@ -59,7 +59,7 @@
 1: (6, -7607.6)
 2: (2, 9792.3)
 3: (3, -7433.3) (9, -7044.9) (14, 3717.5)
-4: (5, -6018.9) (9, -5056.4) (12, -815.1) (14, -8592.6) (16, 4544.1) (20, -4788.1)
+4: (5, -6018.9) (8, 9843.4) (9, -5056.4) (12, -815.1) (14, -8592.6) (16, 4544.1) (20, -4788.1)
 5: (3, -9731.7) (4, 3948.1) (6, 650.6) (11, -6087.6) (13, -3487.3) (20, 4706.0)
 6: (6, -3442.1) (8, 6019.1) (17, -6543.7)
 7: (4, 3252.7) (10, 5485.6) (16, -3544.5) (20, 7494.4)
@@ -69,12 +69,12 @@
 11: (2, -5704.5) (10, -8284.5) (13, 2285.5) (16, -3048.2)
 12: (1, -5040.3) (8, -2840.7) (10, 4934.7) (11, 3548.5)
 13: (3, -9078.3) (8, 9314.0) (9, -3934.8) (15, 8622.2) (17, 9768.6)
-14: (2, 8936.5)
+14: (2, 8936.5) (9, 11488.5)
 15: (2, -7389.8) (6, 8410.6)
 16: (7, 7374.4) (16, -9176.0) (17, -3214.9)
-17: (5, -9011.6)
-18: (2, -7953.6) (11, -334.1) (12, 8626.8) (13, 3324.5)
-19: (1, 2848.7) (5, -1692.8) (7, -1429.9) (8, 4750.6) (12, -7007.8) (16, 36.2)
+17: (5, -9011.6) (20, -3669.2000000000003)
+18: (2, -7953.6) (6, -6203.5) (11, -334.1) (12, 8626.8) (13, 3324.5)
+19: (1, 2848.7) (5, -1692.8) (7, -1429.9) (8, 4750.6) (12, -7007.8) (15, -7875.900000000001) (16, 36.2)
 20: (2, 2141.8) (7, -3490.5) (15, 9038.8) (16, -6639.6) (17, -1453.4) (18, 2112.4)
 
 A+A =
@@ -100,7 +100,7 @@
 1: (6, -7607.6)
 2: (2, 9792.3)
 3: (3, 7433.3) (9, 7044.9) (14, 3717.5)
-4: (5, 6018.9) (9, -5056.4) (12, 815.1) (14, 8592.6) (16, 4544.1) (20, -4788.1)
+4: (5, 6018.9) (8, 5610.200000000001) (9, -5056.4) (12, 815.1) (14, 8592.6) (16, 4544.1) (20, -4788.1)
 5: (3, 9731.7) (4, 3948.1) (6, 650.6) (11, -6087.6) (13, 3487.3) (20, -4706.0)
 6: (6, -3442.1) (8, 6019.1) (17, -6543.7)
 7: (4, -3252.7) (10, -5485.6) (16, 3544.5) (20, -7494.4)
@@ -110,12 +110,12 @@
 11: (2, 5704.5) (10, 8284.5) (13, 2285.5) (16, 3048.2)
 12: (1, 5040.3) (8, 2840.7) (10, -4934.7) (11, -3548.5)
 13: (3, -9078.3) (8, 9314.0) (9, -3934.8) (15, -8622.2) (17, -9768.6)
-14: (2, 8936.5)
+14: (2, 8936.5) (9, -6795.900000000001)
 15: (2, 7389.8) (6, -8410.6)
 16: (7, 7374.4) (16, 9176.0) (17, 3214.9)
-17: (5, 9011.6)
-18: (2, -7953.6) (11, 334.1) (12, -9255.8) (13, 3324.5)
-19: (1, -2848.7) (5, -1692.8) (7, 1429.9) (8, -4750.6) (12, -7007.8) (16, -36.2)
+17: (5, 9011.6) (20, -10058.4)
+18: (2, -7953.6) (6, 5423.5) (11, 334.1) (12, -9255.8) (13, 3324.5)
+19: (1, -2848.7) (5, -1692.8) (7, 1429.9) (8, -4750.6) (12, -7007.8) (15, -8526.300000000001) (16, -36.2)
 20: (2, 2141.8) (7, 3490.5) (15, 9038.8) (16, 6639.6) (17, 1453.4) (18, -2112.4)
 
 A-A =
